3,2
3,1
3,3
10,216
10,262
10,24
10,8
10,126
10,266
10,304
11,26
11,22
11,18
11,4
8,4
8,2
8,3
0,448
38,3
38,2
38,1
38,0
37,3
37,2
37,1
37,0
36,7
36,6
36,5
36,4
36,3
36,2
36,1
36,0
35,9
35,8
35,7
35,6
35,5
35,4
35,1
12,3
12,2
12,1
11,29
11,27
11,21
11,20
11,19
11,17
11,16
11,15
11,14
11,12
11,10
11,8
11,6
11,3
11,2
11,1
10,294
10,271
20,2
20,1
20,3
10,251
10,218
19,2
19,1
19,3
10,205
10,204
10,173
10,163
10,159
10,116
10,104
10,101
10,96
10,88
10,79
10,3
10,2
10,1
9,7
9,6
9,5
18,1
18,3
14,1
14,3
13,1
13,3
